199
1 317 78
2 781 42
3 1083 49
4 1267 37
5 1995 58
6 2224 58
7 2443 73
8 213 185
9 402 189
10 932 176
11 1071 201
12 1184 177
13 1397 169
14 1613 124
15 1831 104
16 2039 182
17 2427 250
18 110 270
19 288 288
20 500 235
21 725 325
22 1081 361
23 1252 271
24 1522 281
25 1641 311
26 1815 178
27 1845 282
28 1923 243
29 2221 305
30 2505 290
31 188 350
32 441 410
33 626 377
34 948 412
35 1135 457
36 1212 469
37 1326 368
38 1577 376
39 1693 357
40 1892 442
41 1977 404
42 2434 406
43 67 444
44 319 496
45 505 525
46 659 479
47 782 444
48 981 536
49 1277 542
50 1400 465
51 1649 488
52 1775 456
53 1912 534
54 2008 502
55 2227 500
56 2517 526
57 152 541
58 395 570
59 440 628
60 539 614
61 706 638
62 791 609
63 1003 714
64 1132 692
65 1265 667
66 1345 647
67 1493 621
68 1666 586
69 1826 575
70 2015 607
71 2198 609
72 2384 630
73 149 642
74 233 740
75 356 706
76 509 703
77 611 790
78 741 766
79 831 750
80 1038 793
81 1224 820
82 1294 777
83 1461 745
84 1578 698
85 1676 664
86 1849 728
87 2029 776
88 2114 792
89 2186 731
90 2308 734
91 2489 740
92 85 834
93 95 900
94 248 869
95 328 852
96 708 900
97 772 881
98 879 843
99 987 855
100 1159 914
101 1332 849
102 1558 762
103 1702 740
104 1850 812
105 2257 846
106 2410 869
107 2526 873
108 2217 1016
109 813 1034
110 939 918
111 1014 1002
112 1059 974
113 1232 985
114 1354 942
115 1555 882
116 1852 983
117 2056 1060
118 1855 1104
119 2473 1141
120 78 1216
121 168 1221
122 291 1214
123 609 1207
124 787 1164
125 1118 1058
126 1439 1004
127 1675 1059
128 1973 1406
129 2041 1129
130 1062 1178
131 1160 1111
132 1362 1107
133 1582 1215
134 1744 1160
135 2118 1198
136 2412 1311
137 497 1310
138 844 1240
139 1050 1254
140 1358 1228
141 1643 1253
142 1852 1294
143 2042 1268
144 111 1437 
145 198 1429
146 320 1420
147 410 1399
148 538 1380
149 645 1365
150 765 1317
151 825 1381
152 910 1321
153 958 1392
154 1172 1345
155 1244 1438
156 1385 1440
157 1511 1449
158 1711 1365
159 1719 1643
160 2128 1440
161 2294 1420
162 2530 1426
163 308 1488
164 436 1487
165 675 1525
166 925 1470
167 1121 1508
168 1192 1559
169 1381 1537
170 1492 1552
171 2245 1820
172 1910 1541
173 2170 1620
174 2387 1555
175 2503 1647
176 71 1611
177 176 1588
178 362 1574
179 582 1595
180 719 1624
181 863 1584
182 931 1604
183 1061 1547
184 1307 1647
185 1450 1747
186 1609 1713
187 1843 1658
188 2074 1662
189 179 1759
190 289 1824
191 437 1705
192 471 1857
193 818 1718
194 859 1767
195 965 1760
196 1116 1681
197 1137 1785
198 1714 1873
199 2101 1858
